8
coronavirus 0.0 341.023459603588 85.00588214941364 121.68401702770993 87.41853350405736 75.23961722390672 170.384858482202 77.61443164772902
adenovirus 341.023459603588 0.0 344.3326879632545 236.5417510715603 305.4423022438117 287.4682591174198 230.0608615127745 378.88388722668054
U18337.1 85.00588214941364 344.3326879632545 0.0 148.52945835759317 86.2670273047588 94.23905772024676 161.22964987867462 72.0832851637604
herpesvirus 121.68401702770993 236.5417510715603 148.52945835759317 0.0 124.7517534946904 87.14355971613737 135.01851724856112 173.5540261705271
Lactococcus_phage 87.41853350405736 305.4423022438117 86.2670273047588 124.7517534946904 0.0 85.70297544426332 104.24490395218368 109.98181667894016
KM389305.1 75.23961722390672 287.4682591174198 94.23905772024676 87.14355971613737 85.70297544426332 0.0 131.7193987231949 113.86395390991831
NC_028697.1 170.384858482202 230.0608615127745 161.22964987867462 135.01851724856112 104.24490395218368 131.7193987231949 0.0 199.88246546408217
KC821626.1 77.61443164772902 378.88388722668054 72.0832851637604 173.5540261705271 109.98181667894016 113.86395390991831 199.88246546408217 0.0