8
coronavirus 0.0 103.13583276436954 45.760244754590204 51.264022471905186 45.93473631142341 41.31585652022719 60.489668539346454 41.02438299353203
adenovirus 103.13583276436954 0.0 108.15266986995744 79.63039620647382 101.56278846112882 92.5418824100742 89.25245094673872 112.86274850454423
U18337.1 45.760244754590204 108.15266986995744 0.0 64.1248781675256 47.49736834815167 46.93612681080534 61.97580172938467 40.11234224026316
herpesvirus 51.264022471905186 79.63039620647382 64.1248781675256 0.0 60.249481325568276 48.36320915737499 61.862751312886175 64.17943595888016
Lactococcus_phage 45.93473631142341 101.56278846112882 47.49736834815167 60.249481325568276 0.0 50.7444578254611 49.82971001320397 48.63126566315131
KM389305.1 41.31585652022719 92.5418824100742 46.93612681080534 48.36320915737499 50.7444578254611 0.0 56.32051136131489 48.82622246293481
NC_028697.1 60.489668539346454 89.25245094673872 61.97580172938467 61.862751312886175 49.82971001320397 56.32051136131489 0.0 66.06057825965497
KC821626.1 41.02438299353203 112.86274850454423 40.11234224026316 64.17943595888016 48.63126566315131 48.82622246293481 66.06057825965497 0.0